[array([0.836837, 0.76977 ]), array([0.79971, 0.91992]), array([0.484277, 0.666667, 0.18239 ]), array([0.489796, 0.44898 , 0.44898 , 0.204082]), array([0.204082, 0.857143, 0.836735, 0.857143]), array([0.681818, 0.136364, 0.727273, 0.681818, 0.045455]), array([0.090909, 0.454545, 0.272727, 0.181818, 0.454545, 0.727273]), array([0.05, 0.05, 0.05, 0.05, 0.43, 0.81, 0.43, 0.81])]
[array([0.145923, 0.127325]), array([0.653791, 0.95422 ]), array([0.45912 , 0.578616, 0.421384]), array([0.530612, 0.428571, 0.408163, 0.22449 ]), array([0.244898, 0.836735, 0.897959, 0.897959]), array([0.707039, 0.101986, 0.77694 , 0.703394, 0.055559]), array([0.106216, 0.471693, 0.263253, 0.197911, 0.432941, 0.768419]), array([0.093073, 0.1223  , 0.002277, 0.001717, 0.443789, 0.767496,
       0.444821, 0.825434])]
[array([0.001108, 0.998146]), array([0.766986, 0.122531]), array([0.775149, 0.952711, 0.005988]), array([0.005216, 0.051058, 0.908053, 0.989608]), array([0.625917, 0.905596, 0.996631, 0.986884]), array([0.140857, 0.235485, 0.357717, 0.984553, 0.029407]), array([0.042879, 0.139509, 0.201279, 0.167391, 0.243584, 0.957024]), array([0.203369, 0.19946 , 0.05581 , 0.04108 , 0.992551, 0.048234,
       0.023335, 0.121281])]
[array([8.75873e-01, 2.67000e-04]), array([0.088479, 0.708672]), array([0.996422, 0.877315, 0.985662]), array([0.44004 , 0.405574, 0.273069, 0.461972]), array([0.991058, 0.93859 , 0.99617 , 0.928593]), array([0.155768, 0.963249, 0.13669 , 0.99597 , 0.025014]), array([0.002618, 0.644617, 0.532991, 0.053995, 0.337592, 0.940857]), array([0.007289, 0.21682 , 0.009932, 0.288868, 0.735821, 0.329805,
       0.08833 , 0.978397])]
[array([0.5, 0.5]), array([0.7, 0.5]), array([0.453579, 0.579068, 0.407409]), array([0.317793, 0.445032, 0.466261, 0.463345]), array([0.996793, 0.976752, 0.789607, 0.935088]), array([0.400318, 0.394949, 0.693494, 0.988366, 0.303759]), array([0.033065, 0.543236, 0.049355, 0.030671, 0.305183, 0.708242]), array([0.13802 , 0.219998, 0.058469, 0.960296, 0.872403, 0.982178,
       0.040041, 0.070507])]
[array([0.329743, 0.09222 ]), array([0.713573, 0.445985]), array([0.583115, 0.709624, 0.569389]), array([0.448159, 0.518735, 0.367877, 0.410965]), array([0.992528, 0.832966, 0.99433 , 0.998665]), array([0.443695, 0.466007, 0.609481, 0.700804, 0.192006]), array([0.004636, 0.207768, 0.404112, 0.351555, 0.401196, 0.792288]), array([0.006676, 0.14285 , 0.014612, 0.008493, 0.013195, 0.029041,
       0.146052, 0.709045])]
[array([0.251298, 0.141955]), array([0.734435, 0.506061]), array([0.591817, 0.469104, 0.42563 ]), array([0.40452 , 0.368851, 0.432035, 0.470888]), array([0.970115, 0.990124, 0.944969, 0.988218]), array([0.52045 , 0.335639, 0.579623, 0.777764, 0.306843]), array([0.026756, 0.059727, 0.449213, 0.390822, 0.344762, 0.772857]), array([0.014396, 0.156572, 0.036172, 0.30302 , 0.78578 , 0.313016,
       0.213195, 0.543895])]
[array([0.21376 , 0.037889]), array([0.666793, 0.462029]), array([0.435075, 0.40007 , 0.435027]), array([0.376941, 0.34438 , 0.38915 , 0.37129 ]), array([0.970115, 0.990124, 0.944969, 0.988218]), array([0.502829, 0.435902, 0.748678, 0.719099, 0.143764]), array([8.14000e-04, 1.26860e-02, 4.15064e-01, 5.20644e-01, 3.32606e-01,
       8.45142e-01]), array([0.077029, 0.211423, 0.024938, 0.360429, 0.412992, 0.719907,
       0.020932, 0.647577])]
[array([0.373076, 0.607925]), array([0.691329, 0.884581]), array([0.844429, 0.529216, 0.424188]), array([0.436862, 0.349205, 0.342986, 0.358299]), array([0.992917, 0.951906, 0.976171, 0.984828]), array([0.36009 , 0.340025, 0.565637, 0.760571, 0.135334]), array([0.062188, 0.108207, 0.564947, 0.226737, 0.34457 , 0.751893]), array([0.042445, 0.051647, 0.050686, 0.076565, 0.916977, 0.60069 ,
       0.111062, 0.775604])]
[array([0.079144, 0.901043]), array([0.708254, 0.378104]), array([0.647802, 0.594053, 0.42839 ]), array([0.410581, 0.393007, 0.429436, 0.356452]), array([0.954213, 0.952188, 0.932887, 0.952041]), array([0.342166, 0.363352, 0.424604, 0.746586, 0.192017]), array([0.035266, 0.12155 , 0.61527 , 0.250095, 0.46784 , 0.732755]), array([0.022224, 0.593235, 0.013522, 0.089016, 0.932122, 0.236391,
       0.200148, 0.796551])]